62,5
62,4
62,3
62,2
62,1
62,0
61,5
61,4
61,3
61,2
61,1
61,0
60,3
60,2
60,1
60,0
59,4
59,3
59,2
59,1
59,0
58,3
58,2
58,1
58,0
57,3
57,2
57,1
57,0
4,3
4,2
4,1
4,0
3,6
3,5
3,4
3,3
3,2
3,1
3,0
2,2
2,1
2,0
1,3
2,3
1,2
1,1
1,0
0,410
0,324
0,243
0,9
0,1
0,0
0,387
0,300
0,386
0,299
0,298
0,385
0,297
0,384
0,296
0,383
0,295
0,294
0,293
0,382
0,292
0,381
0,291
0,290
0,380
0,289
0,288
0,379
0,287
0,378
0,286
0,377
0,285
0,284
0,376
0,283
0,282
0,281
0,375
0,280
0,279
0,374
0,278
0,373
0,277
0,372
0,276
0,275
0,371
0,274
0,273
0,370
0,272
0,369
0,271
0,368
0,270
0,409
0,269
0,367
0,268
0,366
0,267
0,365
0,266
0,364
0,265
0,408
0,264
0,363
0,263
0,362
0,262
0,407
0,261
0,361
0,260
0,360
0,259
0,406
0,258
0,359
0,257
0,358
0,256
0,357
0,255
0,405
0,254
0,356
0,253
0,355
0,252
0,404
0,251
0,354
0,250
0,249
0,403
0,248
0,402
0,247
0,353
0,246
0,245
0,401
0,244
0,352
0,242
0,400
0,241
0,351
0,240
0,350
0,239
0,399
0,238
0,349
0,237
0,348
0,236
0,398
0,235
0,347
0,234
0,346
0,233
0,345
0,232
0,397
0,231
0,344
0,230
0,343
0,229
0,342
0,228
0,227
0,341
0,226
0,225
0,340
0,224
0,223
0,396
0,222
0,339
0,221
0,220
0,338
0,219
0,337
0,218
0,336
0,217
0,395
0,216
0,335
0,215
0,334
0,214
0,394
0,213
0,333
0,212
0,393
0,211
0,392
0,210
0,209
0,332
0,208
0,207
0,416
0,206
0,331
0,205
0,415
0,204
0,330
0,203
0,329
0,202
0,328
0,201
0,414
0,200
0,327
0,199
0,326
0,198
0,325
0,197
0,413
0,196
0,323
0,195
0,322
0,194
0,321
0,193
0,411
0,192
0,320
0,63
0,319
0,62
0,412
0,61
0,318
0,60
0,391
0,59
0,317
0,58
0,316
0,57
0,390
0,56
0,315
0,55
0,389
0,54
0,314
0,53
0,313
0,52
0,388
0,51
0,312
0,50
0,311
0,49
0,310
0,48
0,309
0,47
0,308
0,46
0,307
0,45
0,301
0,6
0,5
0,304
0,303
0,306
0,305
0,302
0,12
0,10
0,8
0,11
0,4
0,2
0,3
0,7
